DETAILED MODEL METRICS
======================================================================

MODEL: XGBoost
----------------------------------------
Training_Time: 0.750924825668335
Train_R2: 0.9928361860222682
Test_R2: 0.9382674479687633
Train_MSE: 1.82929463049674
Test_MSE: 18.036803325471173
Train_MAE: 0.7189260251960945
Test_MAE: 2.7570271816063876
Train_RMSE: 1.3525141886489547
Test_RMSE: 4.246975785835278
Train_ExplainedVar: 0.9928362746497212
Test_ExplainedVar: 0.9388307583423485
Test_MaxError: 23.817096252441402
Test_MedianAE: 1.7665771484374986
CV_Mean: 0.9230549209095296
CV_Std: 0.014399134585004879
CV_Min: 0.9010289887513409
CV_Max: 0.9383545185508697

MODEL: Random Forest
----------------------------------------
Training_Time: 0.6809306144714355
Train_R2: 0.9673001859273482
Test_R2: 0.9017185789660264
Train_MSE: 8.349964765595837
Test_MSE: 28.715525333225003
Train_MAE: 2.0295295081192766
Test_MAE: 3.87101747405284
Train_RMSE: 2.8896305586693667
Test_RMSE: 5.358686903824948
Train_ExplainedVar: 0.9673002124105519
Test_ExplainedVar: 0.9024760059994132
Test_MaxError: 26.444591081349188
Test_MedianAE: 2.900336409146462
CV_Mean: 0.8955923028121825
CV_Std: 0.012681322988353517
CV_Min: 0.8791883372648268
CV_Max: 0.9132306588434355

MODEL: Extra Trees
----------------------------------------
Training_Time: 0.4719247817993164
Train_R2: 0.9625360717288162
Test_R2: 0.8925643902317504
Train_MSE: 9.566491122859974
Test_MSE: 31.390164504481564
Train_MAE: 2.172328374320998
Test_MAE: 3.982306463692674
Train_RMSE: 3.092974478210251
Test_RMSE: 5.602692611993056
Train_ExplainedVar: 0.9625360717288162
Test_ExplainedVar: 0.8933349741176084
Test_MaxError: 26.495571375665655
Test_MedianAE: 2.8455124769584685
CV_Mean: 0.8895360489172408
CV_Std: 0.012921069476622872
CV_Min: 0.8688527459048173
CV_Max: 0.905337955699282

